3000000  4  485.0    2.6432989
3100000  4  281.0    2.836299
3200000  4  328.0    2.390244
3300000  4  297.0    2.4747474
3400000  4  297.0    2.996633
3500000  4  312.0    2.3044872
3600000  4  313.0    2.2971246
3700000  4  297.0    2.3670034
3800000  4  312.0    2.253205
3900000  4  297.0    2.4713805
4000000  4  407.0    1.7469287
4100000  4  391.0    1.8363172
4200000  4  406.0    1.770936
4300000  4  384.0    1.8697916
4400000  4  407.0    1.7665848
4500000  4  421.0    1.6912113
4600000  4  393.0    1.7913486
4700000  4  391.0    1.8388747
4800000  4  390.0    1.8025641
4900000  4  375.0    1.9173334
5000000  4  406.0    1.7684729
5100000  4  437.0    1.6086956
5200000  4  406.0    1.770936
5300000  4  407.0    1.7444718
5400000  4  422.0    1.6919432
5500000  4  437.0    1.645309
5600000  4  390.0    1.8435898
5700000  4  390.0    1.8410256
5800000  4  390.0    1.8025641
5900000  4  391.0    1.8388747
6000000  4  407.0    1.7665848
6100000  4  406.0    1.7660098
6200000  4  375.0    1.9173334
6300000  4  406.0    1.770936
6400000  4  406.0    1.8078818
6500000  4  406.0    1.7906404
6600000  4  407.0    1.8034399
6700000  4  406.0    1.770936
6800000  4  391.0    1.8772378
6900000  4  406.0    1.7684729
7000000  4  390.0    1.8692307
7100000  4  375.0    1.96
7200000  4  391.0    1.8388747
7300000  4  399.0    1.8421053
7400000  4  391.0    1.8363172
7500000  4  406.0    1.8078818
7600000  4  390.0    1.8435898
7700000  4  390.0    1.8384615
7800000  4  391.0    1.8388747
7900000  4  406.0    1.770936
8000000  4  703.0    1.0440967
8100000  4  688.0    1.0450581
8200000  4  681.0    1.0778267
8300000  4  682.0    1.0762464
8400000  4  703.0    1.0455192
8500000  4  703.0    1.0455192
8600000  4  703.0    1.0455192
8700000  4  687.0    1.0684134
8800000  4  687.0    1.0640466
8900000  4  703.0    1.0227596
9000000  4  688.0    1.0625
9100000  4  687.0    1.0451237
9200000  4  688.0    1.0450581
9300000  4  688.0    1.0799419
9400000  4  703.0    1.0227596
9500000  4  687.0    1.0684134
9600000  4  687.0    1.0451237
9700000  4  693.0    1.0591631
9800000  4  693.0    1.0591631
9900000  4  703.0    1.0455192
10000000  4  688.0    1.068314
